PID
1
2
4
6
7
8
9
10
11
12
13
14
15
16
17
18
20
21
22
23
24
27
28
29
30
31
32
33
34
35
36
37
38
39
41
42
43
90
91
92
93
94
95
96
97
98
99
103
104
123
303
315
316
317
323
334
335
426
463
479
482
552
553
555
556
585
586
590
592
593
613
616
617
618
619
621
624
625
640
641
642
643
648
651
652
653
658
679
684
685
699
700
736
754
758
761
768
769
771
827
908
924
928
930
937
968
1014
1018
1019
1107
1166
1171
1174
1182
1195
1198
1201
1208
1219
1223
1224
1242
1286
1313
1321
1326
1334
1347
1349
1352
1403
1408
1425
1438
1442
1447
1450
1456
1469
1470
1474
1476
1484
1492
1497
1500
1507
1511
1516
1521
1525
1537
1539
1559
1573
1584
1640
1641
1642
1643
1646
1658
1661
1678
1686
1689
1690
1698
1703
1706
1718
1792
1821
1832
1900
1906
2116
2120
2885
2986
3617
3620
3626
3680
3795
3932
4014
4016
4114
4123
4174
4346
4350
4372
4373
4374
