PID
1
2
4
6
7
8
9
10
11
12
13
14
15
16
17
18
20
21
22
23
24
27
28
29
30
31
32
33
34
35
36
37
38
39
41
42
43
90
91
92
93
94
95
96
97
98
99
103
104
123
304
316
317
318
319
333
334
425
458
474
475
542
543
550
551
581
582
585
587
588
609
615
616
617
619
620
621
626
627
633
634
635
636
641
646
647
648
654
656
684
712
713
729
748
757
760
761
762
781
782
851
871
887
908
920
932
962
1005
1017
1018
1161
1166
1169
1175
1190
1193
1196
1203
1211
1215
1219
1235
1284
1320
1331
1336
1346
1355
1357
1360
1411
1416
1433
1446
1450
1455
1458
1464
1478
1479
1483
1485
1490
1500
1505
1508
1515
1519
1524
1528
1540
1541
1547
1567
1583
1625
1641
1654
1655
1663
1664
1697
1707
1729
1732
1738
1748
1764
1780
1788
1818
1945
1947
1981
1987
2002
2032
2177
2222
2235
2381
2397
2404
3438
3456
3467
3490
3502
3852
3926
3927
3952
4031
4091
4141
4142
4143
